viralLoad = [79725, 12862, 18022, 76712, 256440, 14013, 46083, 6808, 85781, 1251, 6081, 50397, 11020, 13633, 1064, 496433, 25308, 6616, 11210, 13900];
PCB = [1800 1800 2600 1300 520 3200 1700 2500 560 930 2300 2300 1700];
